------------------------------------------------------------------------------------------------
            8 8888888888     8 888888888o.        8 888888888o.     8 8888        8
            8 8888           8 8888    `^888.     8 8888    `88.    8 8888        8
            8 8888           8 8888        `88.   8 8888     `88    8 8888        8
            8 8888           8 8888         `88   8 8888     ,88    8 8888        8
            8 888888888888   8 8888          88   8 8888.   ,88'    8 8888        8
            8 8888           8 8888          88   8 888888888P'     8 8888        8
            8 8888           8 8888         ,88   8 8888`8b         8 8888888888888
            8 8888           8 8888        ,88'   8 8888 `8b.       8 8888        8
            8 8888           8 8888    ,o88P'     8 8888   `8b.     8 8888        8
            8 8888           8 888888888P'        8 8888     `88.   8 8888        8
------------------------------------------------------------------------------------------------
FDRH QOS 运维系统 - 节点: RECORD                                                   版本: 1.2.1.b
-=-=-=-=-=-=-=-=-=-=-=-=-=-=-=-=-=-=-=-=-=-=-=-=-=-=-=-=-=-=-=-=-=-=-=-=-=-=-=-=-=-=-=-=-=-=-=-=


